$ANSIBLE_VAULT;1.1;AES256
63333936373930316436306661343835366332633665623039626231366364316537336434343238
3562383662333830616535313938396637643238636661370a376163643466633461373933393165
66343061373664353361336438303162336635643030373132613034616230306361623531383930
6535306161663430340a333963643064383261353466343238666362316639643133353738323265
37366631643430303462663364666134333039633835323635613239383836373061643565373536
30313065393736326238346637623936323732373937386463656434323664326631656134303062
39343537353161343837353833616332343238636333313330373237666130653739626235636465
33353737386663663161306361303432396366663739383131616238373338343833393637623061
30346133343466613934656330356661626563626132646437396134616231356531323363653638
61306636646334333962666366336133323238613630653163316538343935616339396161323834
33316633623265386665613731653064623765316665363936313239363465313265656265323138
65656566353461303136396163623161653036363933643033666336323262653963333436636135
36396138306139333835366363343464653633343234666261626133383636353231323063343565
32663934666230363133333334653333373934633637386438616136626430643365623036336330
33653264303436323730373261616438373164393538616235623633356365333838636236363936
34366562663733346133613037663339366565386666326563613330623731376331343734613938
33633262333832333134383730373565313930393632653764313965363534373237383130393831
65656532636533343135653532623236393337373266363237363263653233653938643736336537
65303966666130663632333635613064646163663365633438313833616431313565663338363239
66393938653962333237633432393931623436326238306535663539666334326665613938613430
37613638623830656162633134333439316161636630646139333961643732616565336438363030
65633637323066336537396434363434313461626365633135663862366439663964626564373935
65323535663234623961656663613562346365323661396466653465613330663439376530346164
35633233636539353035636332326139663536363536353863663432623661653338333164343366
63343536366662316433333264613462356461376436633632376162326436376531656236666661
37383663386161306139643431333033306531303634373164373837373334323138396536323565
38333135656464653866346633376537633561613136303731323936623538356666336362323632
33373561343563643263363235333732396135643036396135373532316337616266363061626330
34326632633565666331393164313262306137656563323436386636373833666263323235333965
36363433316435656563663366613361383164306637643163643638306436656663383430393966
36313464303338633031363539343830346665643937616134333936666162326338306631653933
31653665346631623832353733313935356239663230353563373132336233363866383431353831
37646162366535366336383837316530633137323336313136383762343264666330393235343065
36623532633665376661353163613661633034353363306434323530323333663437336332653538
66353930333638643836646561393665366337396134396137616432366534613039623762323932
36373066353934343561393633353564623239316466373664303965333134343165613237366230
30316535633438633133393563353836343638333931373834393935613231656330373738313163
32623433366332643661623264643038373961313135623938353530663864356430636632666632
34613562386463613836643863316431633133616436623166646638623165623666663038303661
31386565656637396465326338633661313463623838366166316439376139636137393339613533
64363365643136376439663839373961366163316138303933323634646532623262336265316337
30323964633766376637336166633562623465366133366261376262306363646635393130313339
61323536666334613634666633373265653439666631303136356265626361613036613539343733
64633339653130383932366561666233316339626266323336666566663930623131316431623332
61646165663862643438326138613262343565383639623266363032643461646365
