$ANSIBLE_VAULT;1.1;AES256
30623230393562396463656134303333376233333234623137633535336635323031353664396131
3862393262636630323163356431636366336331323932390a323932386635646161346630373565
31393131623530333738313766363565353139326437623764336566393963373131366135646231
3938633031363263610a616662656362343431376236333031613630663730653361336336393338
39666566356239653937346236383765303134346635326331663266646661653439386538303539
32616538313237363461303137656664623039656435323263363438623661373337666565663063
31623561323562373338376234643232393164636664353638643162393331346332623234303161
32633131383962643435616163313965353832323263303561333565386663383734373836383136
36656437333466633534646262343735636362303931663261393662323464643937343531363532
63363761643431393032646630326639336333396564353834613561343063333430356633303565
33613633333164336530303937323238373966326164646235646231363136343732646166623433
33323562646536663036356565346565323038373436326237303763646634373265626432353437
62646463346564336237353231346263313231613231343462336536636134346130313361626662
63363231656461313732333239366366383133663732643334306163663362356139383236353933
31316334393765383336616366393035373539613337383864343034386264656561373765613665
63626264353937336536383730633933613961313236663830363663383566663737333135626438
34383937336332666464313636336263643738376634366439653138333065663735623636636238
37636131353239373737643766303065323264313638613266383262393530393565306666316139
37333030623934333835353264373537303438396633326133663639613334346237623936306239
64316430663335376334643433316237316666326565346334626363653031356133366361613965
38333733623264643334346233373238613534653937626564333336666164646436653432356264
30356365656439303966383863346634353036396633653332303762396262326438623637316561
39323533346363396265626565326163383233316335356463306130613332326438623136613333
32376166646534653233653661616463336232616466653862386339646361383237653436636163
3362
